-8.60111271
-8.29969074
-8.05625066
-7.79227190
-7.68461325
-7.62496347
-7.56059096
-7.51465406
-7.46146201
-7.35344056
-7.33944768
-7.31219284
-7.28969319
-7.27547183
-7.25018701
-7.22646551
-7.19926992
-7.16055427
-7.14080306
-7.12673795
-7.08525249
-7.07308427
-7.02898696
-6.98514101
-6.97312233
-6.95238765
-6.90733874
-6.86818772
-6.85282380
-6.84752555
-6.84084724
-6.83763293
-6.82309076
-6.81273642
-6.79075986
-6.74991539
-6.73454829
-6.72376117
-6.71332791
-6.70996594
-6.68253825
-6.66478894
-6.65382108
-6.63037090
-6.61968070
-6.61187025
-6.59370651
-6.58366253
-6.56853378
-6.55551441
-6.54911424
-6.51898795
-6.50694917
-6.50002097
-6.49009871
-6.47854437
-6.46684483
-6.46266110
-6.44058286
-6.41542638
-6.40998928
-6.40376972
-6.39939520
-6.37976538
-6.36520932
-6.35016891
-6.33630809
-6.31997150
-6.29255373
-6.29033879
-6.27177002
-6.26694075
-6.25385217
-6.24866416
-6.23725362
-6.22449122
-6.21390774
-6.20094594
-6.19692962
-6.18760228
-6.17004749
-6.16315066
-6.15254323
-6.14779145
-6.13503057
-6.12824085
-6.11548334
-6.09042818
-6.08309352
-6.07683180
-6.07049066
-6.05781350
-6.04525664
-6.03671530
-6.02549371
-6.01725864
-6.00587441
-5.99893131
-5.98380115
-5.96981664
-5.95895078
-5.94921104
-5.94051937
-5.92735516
-5.90959033
-5.90587170
-5.89654699
-5.88151160
-5.86620278
-5.86199766
-5.84652279
-5.84153011
-5.83744747
-5.83013172
-5.82187610
-5.81063027
-5.80495267
-5.79674415
-5.78977910
-5.77403860
-5.77240193
-5.76410806
-5.74852158
-5.74111012
-5.73315965
-5.72587936
-5.72414162
-5.71842310
-5.71434356
-5.70012672
-5.68820225
-5.67107088
-5.66153227
-5.65485099
-5.64891285
-5.63735124
-5.63342186
-5.62513098
-5.61868419
-5.61356672
-5.60823104
-5.59977420
-5.59943930
-5.58983844
-5.58956743
-5.57363631
-5.56699805
-5.55228257
-5.53830813
-5.53240449
-5.51274944
-5.51069555
-5.50405535
-5.49491608
-5.49148637
-5.48971278
-5.48573328
-5.47069469
-5.46669199
-5.45762513
-5.45516968
-5.44822095
-5.44501177
-5.43976778
-5.43365635
-5.42836394
-5.41718138
-5.41242648
-5.40202865
-5.39481192
-5.38290841
-5.38109268
-5.36941785
-5.36343674
-5.36006425
-5.34705069
-5.34231530
-5.33505036
-5.33284398
-5.33067373
-5.31884885
-5.31435796
-5.29912968
-5.29531794
-5.29180875
-5.28570213
-5.27457974
-5.26724624
-5.26367793
-5.24892539
-5.24363276
-5.23637042
-5.23291358
-5.22249414
-5.21729007
-5.20892523
-5.20508595
-5.19914580
-5.19696554
-5.19133311
-5.18694951
-5.17158867
-5.16559961
-5.16191421
-5.15510785
-5.13857822
-5.13512499
-5.13125418
-5.12734255
-5.12511486
-5.12244259
-5.11605615
-5.11563636
-5.10776133
-5.10355946
-5.09165989
-5.08918140
-5.08762402
-5.07566780
-5.07029388
-5.06239860
-5.05457202
-5.04543435
-5.03881728
-5.03088608
-5.02437657
-5.02115668
-5.01612046
-5.01201866
-4.99436241
-4.98417425
-4.97152739
-4.97109320
-4.96623185
-4.96235605
-4.95586861
-4.94858514
-4.94725232
-4.94236421
-4.92585720
-4.92343329
-4.90946051
-4.90587531
-4.89931418
-4.89047695
-4.88463738
-4.87656771
-4.87221415
-4.86680154
-4.86266664
-4.85299441
-4.84951463
-4.84174596
-4.83587098
-4.82545863
-4.82010018
-4.81888757
-4.80793336
-4.80438507
-4.79372099
-4.79198769
-4.78031080
-4.77596375
-4.77335739
-4.76763783
-4.76260061
-4.75743972
-4.75258305
-4.73885826
-4.73847623
-4.73256073
-4.72783351
-4.71810803
-4.71446937
-4.70425242
-4.70035016
-4.68975564
-4.68579409
-4.67506760
-4.67334217
-4.66072504
-4.65807664
-4.65394961
-4.65140780
-4.64804944
-4.63367257
-4.62722107
-4.62526589
-4.61754900
-4.61298330
-4.61000456
-4.60471410
-4.60247377
-4.59706705
-4.58929319
-4.58575517
-4.58527593
-4.57737014
-4.56980717
-4.55899735
-4.55703329
-4.55360170
-4.55115116
-4.54048751
-4.53655633
-4.53493676
-4.52988264
-4.52118155
-4.51510670
-4.50922606
-4.49928569
-4.49562251
-4.49356500
-4.49076695
-4.48512340
-4.47785235
-4.47535447
-4.47084490
-4.46708379
-4.46223144
-4.45691737
-4.45212832
-4.44118753
-4.43596801
-4.43202693
-4.42951230
-4.42540914
-4.41665525
-4.41269193
-4.40667038
-4.40442232
-4.40299892
-4.39877909
-4.39418622
-4.38738212
-4.38124214
-4.37994568
-4.37394141
-4.36478271
-4.36268989
-4.35872981
-4.35174784
-4.34772609
-4.34009032
-4.33873430
-4.33118768
-4.32651521
-4.32247844
-4.31631741
-4.31284060
-4.30465784
-4.29867948
-4.29378330
-4.28473895
-4.28112422
-4.27663955
-4.27169366
-4.27132448
-4.26439304
-4.26099060
-4.25654158
-4.24859608
-4.24613356
-4.23570525
-4.23113081
-4.22563214
-4.22306736
-4.22072163
-4.21533181
-4.20653171
-4.20313057
-4.19855236
-4.19341672
-4.19157804
-4.18707419
-4.18516124
-4.18201878
-4.17216233
-4.16343024
-4.16229730
-4.15649504
-4.15361255
-4.14752827
-4.14555850
-4.13652230
-4.13417286
-4.12558833
-4.11987114
-4.11738658
-4.11379648
-4.10868210
-4.10388358
-4.09958831
-4.09779029
-4.09723874
-4.09432063
-4.08592233
-4.08218129
-4.07864621
-4.07427924
-4.07323897
-4.06061427
-4.05625366
-4.05376146
-4.04752651
-4.04181804
-4.03764268
-4.03396849
-4.02800256
-4.02667283
-4.02090739
-4.02018208
-4.01541203
-4.00591438
-3.99912708
-3.99379843
-3.99199089
-3.98527720
-3.98352273
-3.97625920
-3.97365677
-3.97086911
-3.96746459
-3.95539407
-3.95336881
-3.94995943
-3.94535191
-3.94075212
-3.93663854
-3.93366983
-3.93176356
-3.92722256
-3.91930307
-3.91845457
-3.91151748
-3.90878282
-3.90594082
-3.90206856
-3.89870918
-3.89638148
-3.88704965
-3.88548817
-3.88167704
-3.87783804
-3.87563924
-3.87007014
-3.86599111
-3.86293956
-3.85695343
-3.85423499
-3.85092335
-3.84753398
-3.84415722
-3.84198360
-3.83435354
-3.83210761
-3.82684172
-3.82420302
-3.81618294
-3.81607166
-3.81154924
-3.80909882
-3.80089026
-3.79783474
-3.79350943
-3.79257297
-3.78700903
-3.78332955
-3.77988296
-3.77803924
-3.77216998
-3.76201994
-3.76054384
-3.75550667
-3.75399310
-3.74904459
-3.74616028
-3.74523251
-3.74062157
-3.73978745
-3.73175460
-3.72762252
-3.72556381
-3.72314758
-3.72042121
-3.71282009
-3.70967902
-3.70735978
-3.70594287
-3.70169036
-3.69815678
-3.69640010
-3.69097329
-3.68269225
-3.68016387
-3.67376412
-3.67297543
-3.67010283
-3.66936390
-3.66250281
-3.65872036
-3.65659369
-3.64825846
-3.64268694
-3.64193972
-3.64123890
-3.63606988
-3.62985250
-3.62863112
-3.62393191
-3.62125588
-3.61437611
-3.60913192
-3.60720994
-3.60149758
-3.59768813
-3.59469476
-3.58874711
-3.58747150
-3.58714323
-3.57478823
-3.57287497
-3.56992184
-3.56539608
-3.56229992
-3.55839778
-3.55817005
-3.55398503
-3.55080812
-3.54573077
-3.54265259
-3.53937609
-3.53491301
-3.53201831
-3.52639843
-3.52161383
-3.51878677
-3.51771868
-3.51355076
-3.51162179
-3.50179530
-3.50052056
-3.49726899
-3.49592011
-3.48880548
-3.48556434
-3.48322014
-3.48006717
-3.47892634
-3.47380032
-3.47204681
-3.45921884
-3.45858900
-3.45325970
-3.45189950
-3.44908460
-3.44388038
-3.44205284
-3.44106310
-3.43834212
-3.43188722
-3.42925025
-3.42553952
-3.42261386
-3.42138804
-3.41891096
-3.41059300
-3.40863070
-3.40529115
-3.40236827
-3.39919868
-3.39751544
-3.39531605
-3.39325932
-3.38666181
-3.38481041
-3.38106527
-3.37877223
-3.37544844
-3.37294174
-3.36950415
-3.36450043
-3.36141851
-3.35756943
-3.35608974
-3.35531052
-3.35314213
-3.34938452
-3.34560683
-3.34317579
-3.33876658
-3.33774384
-3.33602571
-3.33181420
-3.32772540
-3.32376806
-3.32035589
-3.31865544
-3.31450695
-3.31176762
-3.30318297
-3.30189092
-3.29783962
-3.29368938
-3.29140124
-3.28929999
-3.28771621
-3.28167351
-3.27831620
-3.27444324
-3.27349863
-3.26975348
-3.26856895
-3.26631871
-3.26346989
-3.25990375
-3.25880545
-3.25326381
-3.25209059
-3.24905850
-3.24424031
-3.24245521
-3.23793536
-3.23539701
-3.23285289
-3.22691735
-3.22534420
-3.22253507
-3.21940569
-3.21618587
-3.21475923
-3.21134913
-3.20685110
-3.20601117
-3.20113462
-3.19718598
-3.19622409
-3.19324225
-3.19102783
-3.18928907
-3.18444822
-3.18159916
-3.17794711
-3.17476285
-3.17259479
-3.17000371
-3.16522507
-3.16381134
-3.16280654
-3.16050996
-3.15843542
-3.15385586
-3.15283940
-3.15112275
-3.14965744
-3.14666405
-3.14315543
-3.14170246
-3.13498402
-3.13371677
-3.12833627
-3.12731938
-3.12483695
-3.12241435
-3.12022002
-3.11683678
-3.11413190
-3.11255514
-3.10865053
-3.10778504
-3.10598260
-3.10252248
-3.10080255
-3.09753002
-3.09399981
-3.09213111
-3.08893860
-3.08605666
-3.08327936
-3.07944327
-3.07860100
-3.07689004
-3.07551213
-3.07208424
-3.06906933
-3.06602544
-3.06329030
-3.06090252
-3.05847840
-3.05735485
-3.05223784
-3.05021320
-3.04843476
-3.04538932
-3.04287664
-3.04188568
-3.03605792
-3.03472139
-3.03371220
-3.02956064
-3.02284201
-3.02091978
-3.02028367
-3.01477506
-3.01237334
-3.00769826
-3.00634415
-3.00470151
-3.00270471
-3.00134671
-2.99944516
-2.99752011
-2.99561313
-2.99508718
-2.99078375
-2.98958612
-2.98513378
-2.98162668
-2.98008420
-2.97722746
-2.97357928
-2.97182868
-2.96690270
-2.96605066
-2.96204881
-2.95873523
-2.95848138
-2.95493859
-2.95276357
-2.95155831
-2.95036991
-2.94863393
-2.94590557
-2.94500766
-2.94366982
-2.94253887
-2.93825507
-2.93614683
-2.93440539
-2.93178418
-2.92927430
-2.92727122
-2.92260359
-2.91915490
-2.91743775
-2.91490164
-2.91370944
-2.91087301
-2.90491413
-2.90414713
-2.90214783
-2.89938823
-2.89356111
-2.89232672
-2.88886438
-2.88745307
-2.88599526
-2.88127589
-2.88047256
-2.87837009
-2.87508503
-2.87221476
-2.87204452
-2.86828858
-2.86491963
-2.86088802
-2.86070972
-2.85782084
-2.85226915
-2.84990762
-2.84768221
-2.84592012
-2.84390485
-2.84064743
-2.83678025
-2.83593158
-2.83463026
-2.83279514
-2.82879889
-2.82764765
-2.82562385
-2.82067709
-2.81862462
-2.81499165
-2.81155514
-2.81045559
-2.80799366
-2.80339897
-2.80243300
-2.80107183
-2.79974391
-2.79888824
-2.79549262
-2.79279288
-2.79091162
-2.78896071
-2.78515348
-2.78225398
-2.77956658
-2.77731400
-2.77597906
-2.77463020
-2.77315126
-2.77057745
-2.76819958
-2.76466135
-2.76153456
-2.75899104
-2.75740595
-2.75572448
-2.75440608
-2.75005552
-2.74959616
-2.74859129
-2.74692419
-2.74446577
-2.74107851
-2.74054474
-2.73796696
-2.73443503
-2.73241980
-2.72870525
-2.72537796
-2.72210029
-2.72083036
-2.71797208
-2.71428553
-2.71056851
-2.70945262
-2.70721894
-2.70588571
-2.70138537
-2.70081954
-2.69891732
-2.69613671
-2.69483141
-2.69126677
-2.69088821
-2.68832670
-2.68425451
-2.68369319
-2.68092510
-2.68055739
-2.67806133
-2.67555061
-2.67367493
-2.67083585
-2.66731379
-2.66573377
-2.66383377
-2.66160288
-2.65937815
-2.65734749
-2.65640350
-2.65463654
-2.65306914
-2.64965630
-2.64655914
-2.64449164
-2.64415822
-2.64084660
-2.63811642
-2.63657813
-2.63592391
-2.63370510
-2.63030702
-2.62840016
-2.62565354
-2.62401423
-2.62227564
-2.62028010
-2.61913512
-2.61690410
-2.61580352
-2.61248358
-2.61209340
-2.61030790
-2.60777193
-2.60594420
-2.60197654
-2.60141234
-2.60041151
-2.59689685
-2.59396718
-2.59289059
-2.59108503
-2.58885489
-2.58522317
-2.58299365
-2.58101693
-2.57942114
-2.57693927
-2.57618671
-2.57202058
-2.57047142
-2.56737314
-2.56374247
-2.56135869
-2.56080618
-2.55975707
-2.55802146
-2.55694436
-2.55503690
-2.55303312
-2.54956666
-2.54577354
-2.54333831
-2.54106283
-2.54061103
-2.53857132
-2.53749990
-2.53737301
-2.53432637
-2.53053175
-2.52656819
-2.52464842
-2.52420411
-2.51962644
-2.51852597
-2.51449150
-2.51309601
-2.51128135
-2.51079814
-2.50800832
-2.50643221
-2.50221819
-2.50165085
-2.50085240
-2.49750870
-2.49345127
-2.49245939
-2.49112060
-2.49006228
-2.48722526
-2.48642718
-2.48421251
-2.48082170
-2.47945417
-2.47792685
-2.47374987
-2.47347009
-2.47123696
-2.46790630
-2.46703733
-2.46443481
-2.46298022
-2.46003146
-2.45798071
-2.45764592
-2.45432105
-2.45263997
-2.45107146
-2.45070189
-2.44655779
-2.44569479
-2.44386628
-2.44092973
-2.44017860
-2.43583193
-2.43324293
-2.43012883
-2.42951523
-2.42862776
-2.42587524
-2.42516489
-2.42359234
-2.41946438
-2.41623361
-2.41607865
-2.41438855
-2.41292134
-2.40942860
-2.40888695
-2.40731705
-2.40510312
-2.40417793
-2.39906171
-2.39778616
-2.39684189
-2.39595468
-2.39416076
-2.39253274
-2.39053967
-2.38964429
-2.38714179
-2.38572932
-2.38457840
-2.38292079
-2.37985929
-2.37796796
-2.37548603
-2.37200364
-2.36911686
-2.36864559
-2.36785300
-2.36297969
-2.36224956
-2.35986266
-2.35802859
-2.35596474
-2.35490924
-2.35150474
-2.34948733
-2.34743555
-2.34619054
-2.34214758
-2.34097432
-2.33958411
-2.33665876
-2.33527326
-2.33115484
-2.32983528
-2.32850735
-2.32542578
-2.32418508
-2.32079188
-2.31868622
-2.31724224
-2.31596764
-2.31535799
-2.31310500
-2.31016964
-2.30715896
-2.30470246
-2.30081361
-2.29972021
-2.29672508
-2.29568360
-2.29442379
-2.29295506
-2.29101694
-2.28946385
-2.28652562
-2.28550843
-2.28369017
-2.28160694
-2.28017075
-2.27903989
-2.27676527
-2.27518331
-2.27263337
-2.27173503
-2.26841957
-2.26608347
-2.26470705
-2.26331420
-2.26109400
-2.26012408
-2.25826768
-2.25559081
-2.25461912
-2.25248969
-2.25230233
-2.25035228
-2.24525285
-2.24399920
-2.24134310
-2.24036681
-2.23928540
-2.23839015
-2.23502510
-2.23381574
-2.23207867
-2.23011253
-2.22642885
-2.22595605
-2.22464675
-2.22408550
-2.22167652
-2.22040788
-2.21930884
-2.21726701
-2.21566528
-2.21358665
-2.21175224
-2.21016562
-2.20691073
-2.20546932
-2.20333376
-2.20121657
-2.19826060
-2.19654333
-2.19444943
-2.19353847
-2.18854630
-2.18818574
-2.18531909
-2.18466799
-2.18349335
-2.18074713
-2.17988404
-2.17872852
-2.17754244
-2.17568752
-2.17342999
-2.16966820
-2.16863102
-2.16740445
-2.16621943
-2.16481415
-2.16265049
-2.16174397
-2.15688911
-2.15652352
-2.15432975
-2.15337563
-2.15148530
-2.14965010
-2.14766642
-2.14542560
-2.14216247
-2.14141404
-2.13980906
-2.13763442
-2.13355326
-2.13257045
-2.13166841
-2.12785139
-2.12554688
-2.12473523
-2.12335624
-2.12104306
-2.11866497
-2.11812808
-2.11671642
-2.11594701
-2.11388162
-2.11202646
-2.10815678
-2.10700698
-2.10456846
-2.10395205
-2.10313639
-2.10038687
-2.09935044
-2.09676348
-2.09557487
-2.09455238
-2.09306411
-2.09093161
-2.08978459
-2.08783039
-2.08523847
-2.08396555
-2.08176111
-2.07832991
-2.07700736
-2.07394423
-2.07313621
-2.07091637
-2.06924347
-2.06813866
-2.06642995
-2.06507545
-2.06239044
-2.06156958
-2.05909620
-2.05844330
-2.05671147
-2.05586694
-2.05460804
-2.05316054
-2.05058603
-2.04775350
-2.04703507
-2.04556766
-2.04509069
-2.04260467
-2.03918247
-2.03835633
-2.03652485
-2.03514894
-2.03478757
-2.03268448
-2.03027703
-2.02952143
-2.02934662
-2.02744638
-2.02384339
-2.02271358
-2.02197530
-2.02005733
-2.01755112
-2.01579821
-2.01358677
-2.01145903
-2.01025135
-2.00830911
-2.00639510
-2.00516001
-2.00350098
-2.00163061
-2.00093077
-1.99904439
-1.99802765
-1.99654778
-1.99510378
-1.99399746
-1.99195776
-1.99000444
-1.98964679
-1.98668652
-1.98639854
-1.98557410
-1.98334249
-1.98050893
-1.97922128
-1.97673353
-1.97561933
-1.97442905
-1.97317827
-1.97018810
-1.96913831
-1.96801095
-1.96459889
-1.96305366
-1.96184781
-1.96060885
-1.95975009
-1.95767826
-1.95706272
-1.95566873
-1.95265629
-1.95057712
-1.95040909
-1.94980239
-1.94825354
-1.94575392
-1.94450884
-1.94252935
-1.94136256
-1.93953748
-1.93855228
-1.93645232
-1.93633382
-1.93391270
-1.93264928
-1.92959753
-1.92860545
-1.92776947
-1.92589195
-1.92428722
-1.92316810
-1.92251050
-1.92153523
-1.92073628
-1.91649315
-1.91452475
-1.91267033
-1.91132765
-1.90988742
-1.90884168
-1.90777462
-1.90596427
-1.90368543
-1.90296991
-1.90151335
-1.90107789
-1.89969389
-1.89717147
-1.89474404
-1.89287303
-1.89145348
-1.88996240
-1.88890496
-1.88590846
-1.88508109
-1.88391963
-1.88333235
-1.88204257
-1.87973721
-1.87883262
-1.87815705
-1.87547873
-1.87241744
-1.87185901
-1.86990209
-1.86666297
-1.86650238
-1.86531283
-1.86369333
-1.86242525
-1.86204148
-1.85985345
-1.85787905
-1.85642682
-1.85516620
-1.85429282
-1.85337518
-1.85324033
-1.85011233
-1.84923432
-1.84868690
-1.84568076
-1.84349168
-1.84248288
-1.84177979
-1.83872986
-1.83751619
-1.83521662
-1.83386480
-1.83305044
-1.83068378
-1.82947518
-1.82804439
-1.82576560
-1.82500032
-1.82319674
-1.82191080
-1.82100134
-1.81861262
-1.81618157
-1.81472012
-1.81426485
-1.81199448
-1.81092622
-1.81032443
-1.80868143
-1.80289248
-1.80196483
-1.80028161
-1.79920910
-1.79706170
-1.79529496
-1.79371134
-1.79261506
-1.79145788
-1.79074415
-1.78895454
-1.78580274
-1.78507154
-1.78478240
-1.78281720
-1.78158660
-1.78043600
-1.77689397
-1.77624276
-1.77430157
-1.77171315
-1.77044202
-1.76884929
-1.76697610
-1.76457386
-1.76409189
-1.76193322
-1.76085999
-1.76048165
-1.75759195
-1.75509091
-1.75281877
-1.75148129
-1.75102971
-1.74854588
-1.74628113
-1.74436738
-1.74404737
-1.74249726
-1.74013430
-1.73810696
-1.73601872
-1.73510344
-1.73436256
-1.73364015
-1.73110821
-1.72895873
-1.72813957
-1.72543316
-1.72480185
-1.72337737
-1.72246523
-1.72204485
-1.71969001
-1.71785069
-1.71664005
-1.71574438
-1.71219237
-1.71121443
-1.71002953
-1.70883192
-1.70803047
-1.70575031
-1.70433147
-1.70264364
-1.70128204
-1.69926295
-1.69844936
-1.69605469
-1.69408303
-1.69264015
-1.69109172
-1.68863945
-1.68724525
-1.68679642
-1.68570668
-1.68544993
-1.68472208
-1.68208556
-1.68137396
-1.67919700
-1.67720284
-1.67680600
-1.67625936
-1.67336866
-1.67253315
-1.66985328
-1.66789656
-1.66772540
-1.66568814
-1.66523018
-1.66233355
-1.66154414
-1.66072474
-1.65976390
-1.65700468
-1.65658468
-1.65562249
-1.65398115
-1.65274135
-1.65223805
-1.65159450
-1.64929518
-1.64900560
-1.64736230
-1.64549922
-1.64372970
-1.64137322
-1.64009005
-1.63919010
-1.63836732
-1.63746537
-1.63497156
-1.63280097
-1.63238992
-1.63113622
-1.62889567
-1.62651205
-1.62585666
-1.62277175
-1.62196038
-1.62123778
-1.61871697
-1.61833260
-1.61698118
-1.61638970
-1.61471445
-1.61404441
-1.61135586
-1.61065200
-1.60902415
-1.60738957
-1.60563325
-1.60357314
-1.60272618
-1.60156054
-1.59992030
-1.59913023
-1.59876170
-1.59663550
-1.59561588
-1.59414300
-1.59306167
-1.59121191
-1.59059704
-1.58853727
-1.58794053
-1.58597508
-1.58438784
-1.58403859
-1.58189224
-1.58033860
-1.57898245
-1.57755658
-1.57632526
-1.57565382
-1.57261190
-1.57186816
-1.57015844
-1.56903763
-1.56757837
-1.56637742
-1.56454430
-1.56445034
-1.56266000
-1.56033227
-1.55997955
-1.55707703
-1.55552022
-1.55457482
-1.55308459
-1.55093179
-1.54886178
-1.54812088
-1.54701573
-1.54519502
-1.54301866
-1.54270801
-1.54036977
-1.53840961
-1.53691655
-1.53643876
-1.53474000
-1.53340708
-1.53224669
-1.53079194
-1.53017463
-1.52867025
-1.52725959
-1.52570742
-1.52412075
-1.52315253
-1.52134530
-1.51958106
-1.51940650
-1.51805810
-1.51694310
-1.51467887
-1.51332227
-1.51071814
-1.50933400
-1.50793863
-1.50732552
-1.50638575
-1.50509653
-1.50470200
-1.50374023
-1.50257025
-1.50048994
-1.49842182
-1.49579782
-1.49518616
-1.49412828
-1.49257590
-1.49041456
-1.48975133
-1.48837042
-1.48727161
-1.48599735
-1.48423240
-1.48354369
-1.48164553
-1.48020866
-1.47829887
-1.47668109
-1.47576056
-1.47528852
-1.47425036
-1.47347057
-1.47220017
-1.47140366
-1.47031406
-1.46879678
-1.46718881
-1.46582704
-1.46420733
-1.46283468
-1.46036298
-1.45961018
-1.45835307
-1.45737042
-1.45486508
-1.45287293
-1.45217056
-1.45037903
-1.44952811
-1.44860619
-1.44826507
-1.44557624
-1.44257439
-1.44194741
-1.44057086
-1.44023879
-1.43970843
-1.43733204
-1.43583170
-1.43386403
-1.43303273
-1.43086059
-1.42994111
-1.42902045
-1.42770510
-1.42613216
-1.42471666
-1.42370055
-1.42266826
-1.42130960
-1.42032000
-1.41943472
-1.41881114
-1.41529670
-1.41439528
-1.41187453
-1.41114611
-1.40982338
-1.40847146
-1.40785449
-1.40662183
-1.40630775
-1.40435568
-1.40183797
-1.40056900
-1.40014149
-1.39757242
-1.39650601
-1.39561526
-1.39365676
-1.39289198
-1.39134305
-1.39112934
-1.39050481
-1.38795512
-1.38610337
-1.38573437
-1.38446353
-1.38283782
-1.38133415
-1.38090817
-1.37788078
-1.37687803
-1.37502134
-1.37388644
-1.37263964
-1.37219021
-1.37015680
-1.36837167
-1.36660708
-1.36625544
-1.36427908
-1.36336202
-1.36291591
-1.36146471
-1.35976894
-1.35877530
-1.35649562
-1.35574175
-1.35366425
-1.35261807
-1.35177158
-1.34990740
-1.34816982
-1.34763827
-1.34612648
-1.34351616
-1.34282038
-1.34144015
-1.34067778
-1.33905344
-1.33740825
-1.33672187
-1.33547425
-1.33346129
-1.33291582
-1.33254968
-1.33082800
-1.32803703
-1.32788618
-1.32651437
-1.32529990
-1.32444990
-1.32397625
-1.32228465
-1.32095226
-1.31866558
-1.31714149
-1.31519013
-1.31301205
-1.31177610
-1.31061522
-1.30992222
-1.30797580
-1.30702865
-1.30503655
-1.30331005
-1.30192865
-1.29967127
-1.29908412
-1.29789249
-1.29669538
-1.29570934
-1.29512758
-1.29290524
-1.29142832
-1.28982753
-1.28892620
-1.28863630
-1.28548986
-1.28431510
-1.28315255
-1.28191576
-1.27808198
-1.27725246
-1.27440305
-1.27334079
-1.27286185
-1.27217661
-1.27173531
-1.26830255
-1.26770167
-1.26608268
-1.26478213
-1.26373515
-1.26256389
-1.26083437
-1.26007775
-1.25936416
-1.25831570
-1.25575993
-1.25488480
-1.25388033
-1.25308293
-1.25219293
-1.25173535
-1.24825475
-1.24653811
-1.24516609
-1.24426118
-1.24272946
-1.24189891
-1.24061380
-1.23817111
-1.23759107
-1.23598026
-1.23489751
-1.23400913
-1.23198703
-1.23165535
-1.22913278
-1.22828348
-1.22624908
-1.22477194
-1.22314919
-1.22289700
-1.22231632
-1.22036562
-1.21889881
-1.21815265
-1.21657303
-1.21632447
-1.21495023
-1.21433490
-1.21379461
-1.21300351
-1.21099873
-1.20839191
-1.20746742
-1.20520011
-1.20440479
-1.20340838
-1.20165274
-1.20066403
-1.20002670
-1.19938748
-1.19750757
-1.19668976
-1.19541977
-1.19327921
-1.19259347
-1.19078438
-1.18950946
-1.18798732
-1.18763069
-1.18500042
-1.18416734
-1.18355157
-1.18238465
-1.18138604
-1.18015242
-1.17972311
-1.17690251
-1.17598152
-1.17451509
-1.17278778
-1.17064415
-1.17001282
-1.16946769
-1.16757873
-1.16595558
-1.16492565
-1.16353142
-1.16302813
-1.16110048
-1.15973422
-1.15919442
-1.15874636
-1.15645308
-1.15499875
-1.15439632
-1.15354973
-1.15158998
-1.15075045
-1.14977071
-1.14887562
-1.14686727
-1.14493083
-1.14403525
-1.14328194
-1.14226917
-1.14164538
-1.14080316
-1.13923289
-1.13748803
-1.13705709
-1.13555529
-1.13373658
-1.13225953
-1.13086057
-1.12886529
-1.12798943
-1.12754175
-1.12707645
-1.12638829
-1.12502993
-1.12406020
-1.12301894
-1.12200911
-1.11808666
-1.11771774
-1.11703604
-1.11522554
-1.11462256
-1.11232072
-1.11094191
-1.10987598
-1.10799550
-1.10736512
-1.10683162
-1.10607724
-1.10405142
-1.10292442
-1.10191759
-1.09963503
-1.09927111
-1.09800583
-1.09745171
-1.09674179
-1.09358037
-1.09257920
-1.09214646
-1.09110406
-1.09008876
-1.08914025
-1.08749711
-1.08685692
-1.08629458
-1.08527980
-1.08374186
-1.08240138
-1.08132733
-1.08036291
-1.07849675
-1.07787020
-1.07594115
-1.07560854
-1.07497763
-1.07462829
-1.07294096
-1.07230804
-1.07156504
-1.06971200
-1.06855530
-1.06772955
-1.06659372
-1.06582770
-1.06473110
-1.06338018
-1.06215688
-1.06072330
-1.05916364
-1.05891497
-1.05765150
-1.05704043
-1.05470368
-1.05410056
-1.05366077
-1.05265532
-1.05030861
-1.04948024
-1.04849532
-1.04746335
-1.04673117
-1.04515164
-1.04451242
-1.04290369
-1.04112947
-1.04023263
-1.03983917
-1.03855944
-1.03825210
-1.03766986
-1.03593923
-1.03530108
-1.03442697
-1.03304924
-1.03231857
-1.03166593
-1.03039971
-1.02913412
-1.02730657
-1.02690817
-1.02585380
-1.02503651
-1.02342315
-1.02300730
-1.02154016
-1.02027310
-1.01980889
-1.01905495
-1.01843610
-1.01785455
-1.01648261
-1.01536793
-1.01418723
-1.01316368
-1.01236537
-1.01167587
-1.00937147
-1.00829400
-1.00771862
-1.00714790
-1.00617228
-1.00542718
-1.00454554
-1.00428259
-1.00370295
-1.00171173
-1.00088132
-1.00020551
-1.00000000
-1.00000000
-1.00000000
-1.00000000
-1.00000000
-1.00000000
-1.00000000
-1.00000000
-1.00000000
-1.00000000
-1.00000000
-1.00000000
-1.00000000
-1.00000000
-1.00000000
-1.00000000
-1.00000000
-1.00000000
-1.00000000
-1.00000000
-1.00000000
-1.00000000
-1.00000000
-1.00000000
-1.00000000
-1.00000000
-1.00000000
-1.00000000
-1.00000000
-1.00000000
-1.00000000
-1.00000000
-1.00000000
-1.00000000
-1.00000000
-1.00000000
-1.00000000
-1.00000000
-1.00000000
-1.00000000
-1.00000000
-1.00000000
-1.00000000
-1.00000000
-1.00000000
-1.00000000
-1.00000000
-1.00000000
-1.00000000
-1.00000000
-1.00000000
-1.00000000
-1.00000000
-1.00000000
-1.00000000
-1.00000000
-1.00000000
-1.00000000
-1.00000000
-1.00000000
-1.00000000
-1.00000000
-1.00000000
-1.00000000
-1.00000000
-1.00000000
-1.00000000
-1.00000000
-1.00000000
-1.00000000
-1.00000000
-1.00000000
-1.00000000
-1.00000000
-1.00000000
-1.00000000
-1.00000000
-1.00000000
-1.00000000
-1.00000000
-1.00000000
-1.00000000
-1.00000000
-1.00000000
-1.00000000
-1.00000000
-1.00000000
-1.00000000
-1.00000000
-1.00000000
-1.00000000
-1.00000000
-1.00000000
-1.00000000
-1.00000000
-1.00000000
-1.00000000
-1.00000000
-1.00000000
-1.00000000
-1.00000000
-1.00000000
-1.00000000
-1.00000000
-1.00000000
-1.00000000
-1.00000000
-1.00000000
-1.00000000
-1.00000000
-1.00000000
-1.00000000
-1.00000000
-1.00000000
-1.00000000
-1.00000000
-1.00000000
-1.00000000
-1.00000000
-1.00000000
-1.00000000
-1.00000000
-1.00000000
-1.00000000
-1.00000000
-1.00000000
-1.00000000
-0.99898448
-0.99764759
-0.99675385
-0.99570033
-0.99485890
-0.99399677
-0.99239879
-0.99152783
-0.98924350
-0.98835904
-0.98759588
-0.98727891
-0.98615007
-0.98529944
-0.98373255
-0.98210294
-0.98107390
-0.98028581
-0.97954876
-0.97859056
-0.97718928
-0.97656350
-0.97443510
-0.97354494
-0.97303094
-0.97168014
-0.97071786
-0.96997584
-0.96933294
-0.96854985
-0.96759985
-0.96576300
-0.96439373
-0.96316541
-0.96279394
-0.96159652
-0.96115800
-0.96025550
-0.95917397
-0.95825489
-0.95708929
-0.95610889
-0.95438665
-0.95379541
-0.95238446
-0.95154221
-0.95124358
-0.94913177
-0.94888772
-0.94809124
-0.94703010
-0.94532698
-0.94483947
-0.94425167
-0.94291403
-0.94190702
-0.94064707
-0.93945916
-0.93928114
-0.93813532
-0.93756619
-0.93695180
-0.93510124
-0.93477251
-0.93247008
-0.93210241
-0.93093229
-0.92998310
-0.92910342
-0.92668604
-0.92592865
-0.92572005
-0.92430075
-0.92318575
-0.92272051
-0.92217431
-0.91929428
-0.91764252
-0.91694556
-0.91601159
-0.91562363
-0.91352372
-0.91257608
-0.91055449
-0.91022092
-0.90911547
-0.90823503
-0.90639552
-0.90475402
-0.90254006
-0.90104062
-0.90031751
-0.89904645
-0.89852109
-0.89765346
-0.89647154
-0.89506625
-0.89460031
-0.89386512
-0.89243428
-0.89065144
-0.88968320
-0.88830214
-0.88685311
-0.88540109
-0.88509706
-0.88399318
-0.88322944
-0.88202623
-0.87970342
-0.87960303
-0.87717959
-0.87689821
-0.87399173
-0.87253408
-0.87162486
-0.87150658
-0.86987889
-0.86854699
-0.86761701
-0.86741070
-0.86521292
-0.86456029
-0.86383011
-0.86248353
-0.86037501
-0.85975333
-0.85918147
-0.85836187
-0.85723168
-0.85500437
-0.85434922
-0.85301188
-0.85184789
-0.84987072
-0.84941776
-0.84739412
-0.84708183
-0.84621252
-0.84557210
-0.84360510
-0.84281124
-0.84162798
-0.84096113
-0.83953109
-0.83855161
-0.83761266
-0.83656738
-0.83531245
-0.83446146
-0.83255170
-0.83136794
-0.83046165
-0.82881926
-0.82840668
-0.82790718
-0.82669354
-0.82573174
-0.82321680
-0.82189993
-0.82043246
-0.81915977
-0.81832593
-0.81725293
-0.81597998
-0.81547114
-0.81398995
-0.81309919
-0.81204892
-0.81081219
-0.81015634
-0.80910815
-0.80783485
-0.80563489
-0.80473266
-0.80318829
-0.80199861
-0.80125401
-0.79996443
-0.79871665
-0.79826938
-0.79601846
-0.79343972
-0.79292559
-0.79194968
-0.78890707
-0.78782393
-0.78697295
-0.78598505
-0.78481015
-0.78280157
-0.78207770
-0.78140333
-0.77954957
-0.77920320
-0.77784106
-0.77727850
-0.77534534
-0.77437958
-0.77314860
-0.77230342
-0.77019136
-0.76933325
-0.76765347
-0.76531725
-0.76494226
-0.76445867
-0.76096102
-0.75952132
-0.75841519
-0.75739033
-0.75669486
-0.75412086
-0.75310866
-0.75044502
-0.74911262
-0.74825600
-0.74646456
-0.74631311
-0.74515149
-0.74342860
-0.74246994
-0.74155871
-0.74070760
-0.73938552
-0.73699994
-0.73636884
-0.73484327
-0.73253783
-0.73208664
-0.73030307
-0.72961188
-0.72836553
-0.72746863
-0.72532964
-0.72442239
-0.72324486
-0.72264584
-0.72078423
-0.72006257
-0.71886060
-0.71776226
-0.71662441
-0.71531568
-0.71449590
-0.71205330
-0.71190974
-0.70957454
-0.70899186
-0.70812037
-0.70540608
-0.70412587
-0.70272033
-0.70107860
-0.69957480
-0.69789029
-0.69763048
-0.69667501
-0.69570925
-0.69346538
-0.69222595
-0.69093224
-0.68977452
-0.68911597
-0.68867371
-0.68672177
-0.68437557
-0.68350580
-0.68230924
-0.68104001
-0.68066357
-0.67813297
-0.67622727
-0.67478132
-0.67423657
-0.67334330
-0.67201235
-0.66933228
-0.66888589
-0.66844757
-0.66669562
-0.66492217
-0.66272096
-0.66109392
-0.65964402
-0.65876199
-0.65786273
-0.65636784
-0.65429298
-0.65315527
-0.65255521
-0.65130126
-0.64888224
-0.64868276
-0.64740441
-0.64649493
-0.64560318
-0.64340675
-0.64191934
-0.63955361
-0.63789299
-0.63622310
-0.63444553
-0.63393950
-0.63292093
-0.63143238
-0.63037857
-0.62931658
-0.62873454
-0.62740628
-0.62590516
-0.62552833
-0.62334875
-0.62214679
-0.61981581
-0.61930707
-0.61813493
-0.61715024
-0.61544494
-0.61420788
-0.61319275
-0.61107623
-0.60942883
-0.60892492
-0.60835690
-0.60576270
-0.60511769
-0.60313687
-0.60256771
-0.60151012
-0.59883994
-0.59756957
-0.59673514
-0.59469145
-0.59254542
-0.58985671
-0.58941059
-0.58821594
-0.58631114
-0.58471775
-0.58414645
-0.58282458
-0.58032051
-0.57941499
-0.57832557
-0.57616608
-0.57501475
-0.57397466
-0.57294735
-0.57206432
-0.56994919
-0.56931205
-0.56711155
-0.56609025
-0.56400360
-0.56271475
-0.56227762
-0.56155003
-0.56084544
-0.55796332
-0.55712920
-0.55672684
-0.55528551
-0.55438447
-0.55299386
-0.55022594
-0.54795706
-0.54735032
-0.54638404
-0.54469280
-0.54408343
-0.54263511
-0.54169035
-0.54083575
-0.53943081
-0.53799331
-0.53500962
-0.53399178
-0.53309261
-0.53133234
-0.53079835
-0.52875214
-0.52721156
-0.52593457
-0.52498820
-0.52417575
-0.52248180
-0.52221219
-0.52091864
-0.51938960
-0.51775802
-0.51396693
-0.51369538
-0.51189930
-0.51057173
-0.50956991
-0.50803921
-0.50625520
-0.50497811
-0.50294573
-0.50274919
-0.50100890
-0.49803483
-0.49759498
-0.49622048
-0.49571456
-0.49414914
-0.49282066
-0.49144414
-0.48974746
-0.48885821
-0.48717255
-0.48658164
-0.48421356
-0.48387283
-0.48199776
-0.48005726
-0.47888222
-0.47808902
-0.47740345
-0.47679489
-0.47437557
-0.47271325
-0.47140755
-0.47054690
-0.46960213
-0.46780423
-0.46520922
-0.46410157
-0.46272479
-0.46147107
-0.46052213
-0.45986727
-0.45706218
-0.45618641
-0.45581899
-0.45317177
-0.45103699
-0.45043253
-0.44988295
-0.44922283
-0.44764411
-0.44584528
-0.44494294
-0.44288561
-0.44159671
-0.43871568
-0.43684845
-0.43604677
-0.43458942
-0.43381666
-0.43125486
-0.42908597
-0.42883681
-0.42603075
-0.42519029
-0.42325718
-0.42261596
-0.42076731
-0.41958350
-0.41806988
-0.41680653
-0.41514699
-0.41454614
-0.41286332
-0.41201703
-0.40992662
-0.40863400
-0.40668384
-0.40609069
-0.40444775
-0.40239975
-0.40104630
-0.40026046
-0.39900712
-0.39816986
-0.39754688
-0.39488481
-0.39268180
-0.39169488
-0.39075131
-0.38804988
-0.38802879
-0.38730587
-0.38323186
-0.38201454
-0.37979238
-0.37960744
-0.37854957
-0.37671983
-0.37475993
-0.37409460
-0.37123463
-0.37061580
-0.36917672
-0.36838043
-0.36696797
-0.36565739
-0.36460170
-0.36346360
-0.36164512
-0.36061803
-0.35823671
-0.35810327
-0.35611609
-0.35432772
-0.35371012
-0.35228396
-0.34993821
-0.34772133
-0.34595332
-0.34522875
-0.34401750
-0.34140383
-0.34081088
-0.33987119
-0.33826036
-0.33768692
-0.33592696
-0.33522793
-0.33293418
-0.33184535
-0.32993687
-0.32865902
-0.32632885
-0.32586754
-0.32429176
-0.32348591
-0.31987516
-0.31940087
-0.31738576
-0.31695392
-0.31599475
-0.31378463
-0.31325217
-0.31149440
-0.30936747
-0.30818703
-0.30616304
-0.30391368
-0.30143613
-0.30078282
-0.29978379
-0.29750991
-0.29706935
-0.29530953
-0.29463424
-0.29359042
-0.29197534
-0.29161516
-0.28815492
-0.28721389
-0.28335596
-0.28285793
-0.28049920
-0.27977389
-0.27846667
-0.27763454
-0.27714729
-0.27354572
-0.27276286
-0.27015210
-0.26927303
-0.26758576
-0.26655794
-0.26563878
-0.26385741
-0.26224453
-0.26041953
-0.25827968
-0.25787387
-0.25539128
-0.25365622
-0.25286004
-0.25084096
-0.25039532
-0.24845223
-0.24633685
-0.24595801
-0.24323342
-0.24173607
-0.23981399
-0.23843414
-0.23767130
-0.23512226
-0.23495290
-0.23435630
-0.23246882
-0.23192721
-0.23083744
-0.22856776
-0.22707088
-0.22536113
-0.22256570
-0.22137175
-0.21998602
-0.21838810
-0.21797344
-0.21635717
-0.21351914
-0.21205738
-0.21117202
-0.21002018
-0.20946382
-0.20754076
-0.20573078
-0.20476393
-0.20358467
-0.20035405
-0.19885148
-0.19800385
-0.19701607
-0.19584540
-0.19390255
-0.19197677
-0.19158356
-0.19063941
-0.18943864
-0.18792850
-0.18548711
-0.18377351
-0.18262912
-0.17949798
-0.17853994
-0.17708059
-0.17555257
-0.17505748
-0.17358246
-0.17287719
-0.16936290
-0.16838083
-0.16659067
-0.16547539
-0.16212678
-0.16094884
-0.15990263
-0.15931437
-0.15546601
-0.15417457
-0.15292275
-0.15197515
-0.15018137
-0.14880116
-0.14723637
-0.14382292
-0.14306831
-0.14214052
-0.14119759
-0.13873146
-0.13635709
-0.13554113
-0.13484109
-0.13179999
-0.13156413
-0.12975981
-0.12803132
-0.12662417
-0.12457022
-0.12327506
-0.12143646
-0.12065174
-0.11959803
-0.11817111
-0.11517704
-0.11397582
-0.11331775
-0.11010721
-0.10919957
-0.10782188
-0.10512404
-0.10389103
-0.10241853
-0.10123743
-0.10063845
-0.09815875
-0.09556162
-0.09450437
-0.09347556
-0.09114390
-0.08928606
-0.08776766
-0.08710805
-0.08645625
-0.08424788
-0.08329108
-0.08135105
-0.07991526
-0.07942977
-0.07636320
-0.07564509
-0.07411130
-0.07231066
-0.06939818
-0.06725841
-0.06572899
-0.06538577
-0.06432841
-0.06134434
-0.05936349
-0.05864299
-0.05666684
-0.05554296
-0.05272689
-0.05181445
-0.04992830
-0.04808657
-0.04721117
-0.04389615
-0.04343411
-0.04152696
-0.04102501
-0.03878381
-0.03705046
-0.03467329
-0.03385827
-0.03278317
-0.03089443
-0.03000831
-0.02672030
-0.02483394
-0.02427368
-0.02302542
-0.02031247
-0.01825254
-0.01797004
-0.01684397
-0.01476745
-0.01214051
-0.01124899
-0.01011404
-0.00870310
-0.00610980
-0.00579622
-0.00346499
-0.00167688
-0.00127920
-0.00090278
0.00221427
0.00419127
0.00633114
0.00705408
0.00875311
0.01044478
0.01206493
0.01297975
0.01522838
0.01839681
0.01916347
0.02268610
0.02329499
0.02418966
0.02578136
0.02680756
0.02811793
0.02901178
0.03256408
0.03327824
0.03522092
0.03663646
0.03773541
0.03819994
0.04040143
0.04275726
0.04426360
0.04561829
0.04864858
0.04971123
0.05091904
0.05304703
0.05659114
0.05787310
0.06021406
0.06148040
0.06249886
0.06346107
0.06550779
0.06626256
0.06901200
0.07177389
0.07328866
0.07527566
0.07699490
0.08066868
0.08143995
0.08291479
0.08471047
0.08595861
0.08669495
0.08726605
0.08784454
0.09056689
0.09210627
0.09348709
0.09470156
0.09507906
0.09706905
0.10160289
0.10384082
0.10450734
0.10873404
0.10973889
0.11206306
0.11247711
0.11357746
0.11689978
0.11909152
0.11980464
0.12055875
0.12491518
0.12712145
0.12782000
0.12935288
0.13139341
0.13403394
0.13555025
0.13773072
0.13942682
0.14053269
0.14227204
0.14297596
0.14463014
0.14607267
0.14700937
0.14990991
0.15021882
0.15510244
0.15565883
0.15662681
0.15899365
0.15938719
0.16044756
0.16157388
0.16481742
0.16666268
0.16827914
0.16952564
0.17204114
0.17361918
0.17620259
0.17803340
0.17985388
0.18214556
0.18452266
0.18659784
0.18719034
0.18819553
0.19212311
0.19445503
0.19547774
0.19596240
0.19937484
0.19994162
0.20087212
0.20248320
0.20598905
0.20664205
0.21083755
0.21251191
0.21677517
0.21730270
0.21809893
0.21970148
0.22080316
0.22211369
0.22375361
0.22744948
0.22997519
0.23069162
0.23299813
0.23468965
0.23569218
0.23862839
0.24157980
0.24190648
0.24427459
0.24609841
0.24853351
0.25046749
0.25220017
0.25341364
0.25628043
0.25723526
0.25963023
0.26197111
0.26300454
0.26387301
0.26509213
0.26767928
0.27036242
0.27082183
0.27296616
0.27316212
0.27552025
0.27771901
0.28172360
0.28205718
0.28367388
0.28510012
0.28531731
0.28736622
0.28872894
0.29098494
0.29108560
0.29448689
0.29584838
0.29791668
0.30020658
0.30123313
0.30197264
0.30491915
0.30536663
0.30814067
0.30852371
0.31252529
0.31302101
0.31367559
0.31736232
0.31984855
0.32128489
0.32225738
0.32383699
0.32676752
0.32892523
0.33123661
0.33163618
0.33313867
0.33538980
0.33655793
0.33733784
0.33891802
0.34084288
0.34537780
0.34717158
0.34949855
0.35092678
0.35202338
0.35485146
0.35523129
0.35847086
0.36154259
0.36325301
0.36465806
0.36606029
0.36835039
0.37144176
0.37310186
0.37580894
0.37955795
0.38090903
0.38191939
0.38433355
0.38579685
0.38849922
0.39071948
0.39199084
0.39369789
0.39524698
0.39675623
0.39810069
0.39994201
0.40142181
0.40241659
0.40353948
0.40712247
0.40893354
0.40933290
0.41119689
0.41557546
0.41751313
0.41963992
0.42080885
0.42213678
0.42501532
0.42717981
0.42869122
0.43273871
0.43629357
0.43940427
0.44035154
0.44191813
0.44411964
0.44654437
0.44804346
0.45024118
0.45111971
0.45227651
0.45371492
0.45512308
0.46053895
0.46216755
0.46575350
0.46773469
0.46886765
0.47054525
0.47060248
0.47504172
0.47770579
0.47861622
0.47970651
0.48334903
0.48541943
0.48662756
0.48851015
0.49009054
0.49091595
0.49410816
0.49499582
0.49760292
0.49920576
0.50387518
0.50458331
0.50688361
0.50829778
0.51111638
0.51473046
0.51541944
0.51631170
0.52092817
0.52186568
0.52496955
0.52577316
0.52886053
0.53017874
0.53141900
0.53571583
0.53857990
0.54071726
0.54316096
0.54545182
0.54609475
0.54714102
0.54994668
0.55122426
0.55429570
0.55454894
0.55676326
0.55970248
0.56182299
0.56308385
0.56558882
0.56704883
0.56943545
0.57014308
0.57286111
0.57466033
0.57655491
0.57751089
0.58036445
0.58190506
0.58575372
0.58859144
0.58992648
0.59299939
0.59481171
0.59649787
0.59771896
0.59962783
0.60192914
0.60332587
0.60489040
0.60764104
0.60942565
0.61258883
0.61422247
0.61592026
0.61785356
0.61911613
0.62200311
0.62501909
0.62657150
0.63256474
0.63305738
0.63611208
0.63698128
0.63819280
0.64016589
0.64328525
0.64633012
0.64970919
0.65141872
0.65342835
0.65446506
0.65724139
0.65953538
0.66099903
0.66206186
0.66541502
0.66838003
0.66934679
0.67239675
0.67278321
0.67330710
0.67395813
0.67930012
0.68136611
0.68268129
0.68635597
0.68784011
0.68808330
0.69365353
0.69493040
0.69948999
0.70036492
0.70307263
0.70673330
0.70770520
0.70882401
0.71093446
0.71366030
0.71518011
0.71730519
0.71841906
0.72089673
0.72301066
0.72571777
0.72814747
0.73230260
0.73297721
0.73496248
0.73864226
0.74193111
0.74198355
0.74587747
0.74831920
0.74910551
0.75285138
0.75436267
0.75711127
0.75975024
0.76217699
0.76685520
0.76763414
0.77014389
0.77139673
0.77352272
0.77501294
0.77873415
0.78015538
0.78290420
0.78616312
0.79010921
0.79233659
0.79299254
0.79672186
0.79771933
0.79925568
0.80105486
0.80483856
0.80512751
0.80696054
0.81202115
0.81727833
0.81838154
0.82017020
0.82051291
0.82225497
0.82558013
0.82769759
0.82943630
0.83155545
0.83489111
0.83760000
0.83955222
0.84030523
0.84445567
0.84586034
0.84703023
0.85049087
0.85108045
0.85352386
0.85794351
0.85970041
0.86135544
0.86530783
0.86793149
0.86946040
0.87013158
0.87123838
0.87430235
0.87915419
0.87956491
0.88421586
0.88505504
0.88741392
0.89058005
0.89222021
0.89493905
0.89747881
0.90079177
0.90180548
0.90505083
0.90748145
0.90963577
0.91142794
0.91191670
0.91490462
0.91553346
0.91911937
0.91960558
0.92174555
0.92584254
0.92610462
0.93050947
0.93102568
0.93568299
0.94031559
0.94139745
0.94347651
0.94576647
0.94734023
0.95291093
0.95524644
0.95587555
0.95940039
0.96157164
0.96190114
0.96510884
0.96572280
0.97064361
0.97234195
0.97478290
0.97655828
0.97680075
0.98045915
0.98504024
0.98692198
0.98827265
0.99005331
0.99500038
0.99718238
0.99908596
1.00039414
1.00371206
1.00565825
1.00600675
1.00895071
1.01064337
1.01608407
1.01852127
1.01998479
1.02075797
1.02330273
1.02620370
1.02901596
1.03203550
1.03402656
1.03577414
1.03705518
1.03955115
1.04186454
1.04220621
1.04584133
1.04902004
1.05018543
1.05489519
1.05592861
1.05969779
1.06049063
1.06507986
1.06776731
1.07185748
1.07291252
1.07379866
1.07764056
1.07946540
1.08448567
1.08658345
1.08761341
1.08959070
1.09433364
1.09575288
1.10012865
1.10218574
1.10443445
1.10691921
1.11044390
1.11246590
1.11390085
1.11741942
1.11876201
1.12198699
1.12451693
1.12545941
1.12695485
1.13267582
1.13463555
1.13698800
1.14211015
1.14374292
1.14540043
1.14882209
1.14944462
1.15197452
1.15515200
1.15696788
1.16042666
1.16155917
1.16502879
1.17097040
1.17211122
1.17403040
1.17865766
1.18030391
1.18087501
1.18338304
1.18651948
1.18914227
1.19409707
1.19497084
1.19737457
1.19989048
1.20531603
1.20722659
1.20976070
1.21052628
1.21642417
1.22073665
1.22215691
1.22351109
1.22609237
1.23083324
1.23403323
1.23577262
1.24108132
1.24208601
1.24448396
1.24660357
1.24829424
1.25116739
1.25203253
1.25279437
1.25449427
1.25730271
1.26148729
1.26365365
1.26576825
1.26972553
1.27330635
1.27389535
1.28107446
1.28112862
1.28529963
1.28672565
1.28920770
1.29305825
1.29631108
1.29744832
1.29848095
1.30110327
1.30611244
1.31242649
1.31602781
1.31903389
1.31999859
1.32189474
1.32744240
1.33110374
1.33496542
1.34049569
1.34185454
1.34444832
1.34625114
1.34967778
1.35445574
1.35666364
1.36129316
1.36242412
1.36824582
1.37078289
1.37314385
1.37958240
1.38169130
1.38575841
1.38914680
1.39328333
1.39589533
1.39929189
1.40034304
1.40360921
1.40554081
1.40736855
1.41236225
1.41509993
1.42009077
1.42230547
1.42431110
1.42771976
1.43260404
1.43442463
1.43709454
1.44172591
1.44311541
1.44523018
1.44997236
1.45111498
1.45565614
1.45685054
1.46065213
1.46322891
1.46712336
1.46999323
1.47549469
1.47977573
1.48094425
1.48399212
1.48529846
1.49084523
1.49701472
1.49945063
1.50236753
1.50299720
1.50442236
1.51230123
1.51367261
1.51584023
1.51975264
1.52491716
1.52724468
1.53357866
1.53562750
1.53813271
1.54159344
1.54713058
1.54855173
1.55014481
1.55336449
1.55885198
1.56273850
1.56329148
1.56675721
1.57277161
1.57714963
1.58196041
1.58471618
1.58778219
1.58909444
1.59064503
1.59676008
1.59965767
1.60352053
1.60652095
1.61307396
1.61468091
1.62007799
1.62115182
1.62447833
1.62905197
1.63206411
1.63387241
1.64053112
1.64146438
1.64167919
1.64243660
1.65008467
1.65241939
1.65763308
1.65926592
1.66452013
1.66836818
1.67422677
1.67813535
1.68134623
1.68607414
1.69175649
1.69613651
1.69678871
1.70239381
1.70617550
1.71090013
1.71655394
1.71855259
1.72104736
1.72369034
1.73150306
1.73228953
1.73460427
1.73998733
1.74128402
1.74312706
1.74474152
1.75250501
1.75259805
1.75646773
1.76052652
1.76527819
1.77008075
1.77572705
1.77809741
1.78281759
1.78680732
1.79263663
1.79538966
1.79701254
1.80361608
1.80637315
1.80824527
1.81670127
1.81715267
1.82085250
1.82670840
1.82874579
1.83614042
1.83724065
1.84318310
1.84849580
1.85509735
1.86427601
1.86670110
1.86986504
1.87169771
1.87655630
1.88066581
1.88726710
1.89326615
1.89657835
1.90293604
1.90804465
1.91510320
1.91683523
1.92740554
1.92853145
1.93115295
1.93631550
1.94007481
1.94571958
1.94982372
1.95757475
1.95903969
1.96086394
1.96772852
1.97570026
1.98085149
1.98520268
1.99425806
1.99696656
2.00097196
2.00432708
2.00906051
2.01138792
2.01990045
2.02363195
2.02740536
2.03559666
2.04008615
2.05349044
2.05778112
2.05885906
2.06374467
2.06954942
2.07380523
2.07839825
2.08290013
2.09054734
2.09613228
2.10200379
2.10339892
2.10500116
2.11097203
2.11585400
2.11925390
2.12941795
2.13248739
2.13455813
2.14325143
2.15112523
2.15867140
2.16467788
2.17384007
2.17473426
2.18618536
2.19251815
2.20359922
2.20575071
2.20839757
2.21454704
2.22224953
2.22310939
2.22597054
2.23659139
2.24137057
2.25011935
2.25427219
2.26883211
2.27525566
2.28302842
2.28473628
2.29321682
2.29374825
2.30123271
2.30267149
2.31065896
2.31351100
2.32197180
2.32260410
2.33485422
2.34981006
2.35985013
2.37076996
2.38090907
2.38728469
2.39092847
2.39795158
2.40060258
2.40833898
2.41768710
2.42478801
2.43465110
2.44710841
2.45417080
2.47319123
2.47603972
2.47784163
2.47982627
2.48794763
2.50862286
2.51363157
2.51836578
2.53537329
2.54762095
2.55279839
2.55997414
2.56749199
2.58188648
2.59356489
2.59691429
2.60436354
2.62232663
2.62826252
2.65010374
2.66226717
2.66647984
2.69063690
2.70187994
2.71476779
2.72884215
2.73931921
2.75536253
2.76636726
2.78722231
2.78766732
2.80442190
2.82402575
2.83815499
2.87047575
2.88566053
2.90427971
2.91396013
2.93889200
2.94830532
2.97538243
3.00296632
3.02148065
3.02675873
3.05893337
3.07389841
3.09364941
3.11600019
3.14899038
3.15821831
3.17504868
3.19809275
3.20956594
3.22602971
3.24132436
3.26652187
3.29822988
3.31757821
3.33931811
3.38197969
3.41184941
3.42961477
3.44568316
3.47024731
3.50007519
3.52188144
3.55526444
3.57366591
3.58994269
3.63214767
3.64667615
3.67017193
3.71151258
3.75491535
3.79729206
3.81936682
3.83763408
3.84659129
3.87127274
3.92817006
3.95535318
3.98090031
4.02410596
4.04560602
4.07419350
4.07941055
4.13228679
4.17191367
4.21283808
4.22172676
4.29747247
4.33539896
4.38539910
4.40440629
4.41124171
4.45413470
4.48112390
4.54967271
4.57042391
4.62519433
4.66403701
4.67569281
4.72051674
4.75601756
4.80578830
4.81605738
4.85856666
4.88121985
4.90907721
4.92460142
4.95412374
5.02357191
5.05447022
5.08259203
5.10495386
5.13588151
5.16651335
5.18925304
5.23665792
5.29070982
5.31923115
5.34771608
5.41004321
5.44085592
5.49887002
5.51117013
5.53562436
5.56135340
5.60153778
5.63290525
5.64462113
5.69276144
5.72389129
5.78602447
5.79570555
5.84968265
5.89008337
5.93105801
5.98646038
6.03226106
6.04325566
6.07393690
6.13116069
6.15132866
6.17195975
6.22894891
6.25623218
6.35043053
6.38245765
6.43257091
6.47944055
6.53574730
6.57236014
6.60823722
6.62076134
6.69385001
6.70355463
6.77000369
6.81232077
6.84823071
6.89578562
6.94149780
7.00558071
7.08327127
7.14990925
7.18020754
7.23351003
7.28244223
7.39541560
7.40284008
7.47879116
7.50075764
7.52542834
7.55546365
7.59068801
7.62269349
7.73727040
7.75671563
7.79144436
7.83590472
7.86788088
7.88975948
7.94180582
8.01720824
8.03113890
8.09059823
8.12839261
8.15127157
8.23409348
8.28947552
8.32071529
8.42575527
8.50356035
8.57174541
8.59875614
8.62053151
8.64711718
8.66820709
8.82410863
8.84709229
8.86883776
8.93007558
9.02180388
9.10921229
9.12872968
9.18464294
9.24729571
9.26523095
9.40699530
9.45959333
9.48936328
9.57425720
9.60342721
9.66730165
9.71826096
9.80271571
9.86020522
9.93365382
9.95641352
10.00929887
10.05006546
10.07576559
10.20419047
10.21727661
10.28144091
10.37152122
10.44515154
10.50375864
10.57822607
10.69705368
10.78312330
10.85654731
10.90002788
10.92939773
10.97041166
11.09175588
11.13906976
11.19761259
11.24761222
11.28842731
11.31884778
11.41184174
11.46776676
11.52745424
11.64714520
11.69247523
11.77575184
11.80171714
11.87641495
11.94699971
12.01207575
12.16466370
12.20810012
12.32730053
12.38372660
12.40873126
12.44177325
12.48510673
12.62859303
12.67125140
12.76369594
12.79924383
12.83726218
12.92188580
12.97184032
13.01981162
13.08318051
13.09863768
13.15996916
13.27331611
13.29374823
13.36567453
13.42497682
13.43654445
13.54221147
13.57937107
13.71372535
13.71739464
13.73933757
13.81279546
13.86302816
13.93398651
13.98919777
14.04347484
14.07954256
14.13418692
14.21874948
14.29911652
14.37359996
14.42955687
14.47932908
14.51994578
14.61262636
14.79250340
14.89869378
14.96068247
14.98098069
15.07835781
15.16680675
15.22481984
15.24233594
15.32257179
15.42557662
15.46457790
15.49674746
15.68239864
15.75510982
15.86100158
15.89392740
15.93247356
16.08884773
16.10319420
16.29544289
16.42184517
16.47420670
16.49679273
16.52283053
16.62984507
16.69914592
16.79615330
16.90998366
17.04164162
17.11385096
17.17600191
17.29021626
17.40866688
17.44257778
17.68849438
17.72542888
17.75299562
17.97437156
18.04826099
18.08220259
18.19098505
18.28597030
18.36742337
18.52321496
18.55183452
18.64754519
18.66871448
18.80578746
18.93597275
18.98327843
19.07027311
19.21779188
19.38816820
19.55890231
19.60859304
19.67038635
19.74507023
19.79511759
19.90641475
19.93489089
20.00645041
20.15216561
20.29559649
20.36791894
20.51765140
20.69652979
20.72848582
20.84290172
20.89093921
21.12072153
21.22236662
21.30737387
21.52232833
21.62649335
21.91422629
21.97550535
21.99486982
22.09599995
22.13095411
22.19189958
22.24909767
22.38073608
22.60523639
22.67823161
22.74864080
22.80055094
23.02707253
23.22553224
23.32762050
23.37471780
23.45753696
23.50236574
23.67120614
23.78539864
24.16099182
24.26958029
24.32556215
24.34105801
24.48826697
24.52214015
24.56842711
24.80844664
25.13574080
25.19612536
25.20337103
25.30749061
25.37358586
26.06517747
26.11650187
26.21912125
26.23517886
26.49044517
26.53215459
26.73128616
27.01800206
27.12252370
27.23410997
27.45741360
27.55451090
27.69277159
28.06009482
28.17410554
28.46765127
28.56796082
28.73633034
28.84866569
28.97445823
29.17190372
29.33952413
29.84626666
29.86726929
30.14882482
30.46902321
30.61807854
31.07372796
31.18473091
31.95356277
32.16599438
32.66989803
33.48030922
39.05926750
